32.0
46061.2 45202.9 45690.7 12197.8
46060.1 45203.2 45692.2 12197.6
46060.3 45201.5 45693.5 12197.0
46060.2 45202.1 45694.1 12196.8
46061.3 45201.5 45694.2 12196.9
46061.1 45199.4 45694.8 12196.8
46059.9 45200.8 45696.0 12196.8
46058.2 45201.6 45698.2 12196.4
46059.5 45201.2 45697.6 12197.0
46060.6 45201.8 45697.8 12197.1

107.7
21662.1 21992.4 21789.4 12196.4
21663.8 21993.8 21790.1 12196.5
21665.3 21994.0 21790.3 12196.8
21665.4 21994.6 21791.6 12197.0
21666.8 21994.5 21792.1 12196.9
21667.2 21995.0 21793.3 12197.1

100.9
23554.6 23798.9 23703.7 12195.3
23555.2 23799.2 23705.4 12195.1
23555.6 23799.5 23706.8 12194.8
23555.8 23800.1 23708.6 12194.9
23556.1 23800.7 23709.6 12194.9
23557.5 23801.4 23711.3 12194.8
23558.6 23801.5 23713.2 12194.7
23559.9 23802.0 23713.8 12195.1

72.5
32383.6 32604.2 32573.4 12193.9
32382.8 32605.0 32574.4 12193.5
32382.3 32604.3 32575.6 12193.2
32384.2 32606.0 32574.0 12193.7
32385.1 32605.8 32573.8 12193.6
32386.2 32604.0 32573.0 12193.7
32385.4 32603.1 32572.8 12193.8 

143.0 
13841.6 13767.7 12193.1
13714.8 13842.9 13768.1 12192.8
13716.9 13843.9 13769.8 12192.3
13718.0 13845.4 13770.8 12192.3
13720.5 13848.0 13771.8 12193.6
13721.9 13849.7 13773.9 12193.5
13723.9 13851.3 13774.3 12193.7
13726.0 13853.1 13776.0 12193.2
13727.3 13854.5 13777.4 12193.8
13729.3 13856.2 13778.7 12193.8

129.9
16222.9 16386.6 16320.7 12192.9
16223.3 16388.1 16321.5 12192.9
16224.4 16389.7 16322.3 12192.9
16225.3 16390.7 16323.1 12193.2
16227.4 16393.0 16323.2 12193.8
16229.3 16394.6 16323.7 12194.2
16230.4 16396.1 16324.3 12194.7
16231.0 16398.6 16325.9 12195.3

120.7
18286.8 18455.9 18405.4 12192.8
18286.7 18456.6 18406.2 12192.8
18287.3 18456.5 18406.5 12193.1
18287.6 18457.2 18407.1 12193.0
18288.3 18458.2 18407.7 12192.9
18289.7 18458.8 18407.6 12193.1
18290.3 18459.5 18407.3 12193.2
18291.1 18460.2 18407.0 12193.9

114.5
19894.7 20082.9 20035.9 12191.6
19895.3 20083.5 20035.4 12191.7
19896.0 20084.1 20035.9 12191.8
19896.6 20084.6 20035.8 12192.0
19896.6 20084.9 20036.5 12191.5
19897.3 20085.6 20036.7 12191.5
19897.3 20086.4 20036.7 12191.5
19897.8 20086.9 20036.1 12192.1
19898.3 20086.7 20036.1 12192.5

105.7
22211.9 22415.3 22351.7 12192.7
22212.5 22415.1 22351.8 12192.2
22212.8 22416.5 22350.8 12192.6
22212.8 22416.3 22350.9 12192.4
22212.7 22416.4 22351.2 12192.1
22213.4 22417.0 22351.8 12191.6
22213.2 22418.4 22351.9 12191.9
22213.6 22419.3 22351.6 12192.4
22213.3 22420.4 22351.7 12193.0

98.8
24119.2 24321.8 24267.4 12194.8
24118.9 24321.4 24267.7 12194.8
24118.3 24321.2 24268.8 12194.7
24118.4 24321.1 24269.1 12194.9
24118.6 24321.8 24268.7 12195.2
24119.3 24322.7 24268.4 12194.9
24120.0 24323.1 24268.9 12194.8
24119.6 24322.7 24269.9 12194.4
24119.7 24322.9 24269.6 12193.7

88.3
27349.3 27563.4 27510.4 12192.7
27349.1 27563.3 27509.8 12193.2
27349.7 27563.0 27509.9 12193.1
27349.3 27563.0 27509.7 12192.9
27349.5 27562.6 27510.8 12192.1
27348.9 27562.8 27510.0 12192.2
27348.0 27563.3 27510.0 12192.2
27348.3 27563.4 27509.3 12192.1
27348.6 27564.3 27508.4 12192.5

80.4
29847.4 30058.6 30014.4 12193.5
29846.7 30057.9 30015.0 12192.8
29846.2 30057.4 30015.6 12192.4
29846.3 30056.5 30014.7 12192.5
29848.1 30056.3 30014.4 12192.1
29847.0 30057.1 30014.8 12192.4
29846.0 30056.0 30016.7 12191.7
29845.5 30055.5 30017.0 12191.6

71.9
32661.7 32907.4 32862.2 12194.4
32661.5 32906.7 32861.5 12194.6
32660.8 32906.7 32863.0 12194.5
32660.2 32906.5 32863.0 12195.2
32659.3 32907.1 32862.6 12195.1
32659.1 32907.0 32862.1 12194.9
32657.1 32906.5 32862.2 12194.4
32658.7 32904.8 32861.9 12193.8
32658.9 32904.0 32861.6 12194.1

59.1
37045.7 37246.1 37189.8 12193.7
37045.2 37245.4 37189.5 12193.8
37042.7 37245.4 37190.4 12193.0
37041.6 37244.8 37190.5 12192.8
37042.1 37244.1 37188.9 12192.8
37041.7 37244.5 37187.7 12193.2
37041.2 37243.0 37186.8 12192.7
37040.7 37242.4 37185.3 12193.3
37039.7 37239.8 37184.7 12192.9

43.7
42153.8 42365.9 42296.7 12194.8
42152.2 42364.4 42296.5 12194.7
42151.1 42363.2 42298.1 12194.3
42149.5 42363.1 42298.1 12194.3
42149.0 42362.2 42297.3 12194.3
42147.1 42361.0 42296.6 12194.0
42147.3 42359.2 42293.8 12194.2
42146.8 42358.4 42294.1 12194.2
42145.7 42357.1 42294.8 12193.8

31.7
46059.1 46263.1 46237.5 12192.4
46059.2 46260.5 46236.7 12192.1
46060.4 46260.2 46237.7 12192.5
46061.9 46259.7 46236.7 12192.7
46060.4 46259.2 46236.5 12192.8
46057.0 46258.7 46239.1 12192.6
46055.4 46257.9 46238.9 12192.7
46054.0 46256.9 46238.5 12193.4
46052.6 46257.4 46238.7 12193.9
46051.1 46256.7 46239.3 12194.1
46049.6 46256.4 46239.0 12193.6
46048.5 46255.9 46238.8 12193.5
46045.5 46255.0 46239.4 12193.1
46044.4 46253.0 46240.0 12192.6
46043.6 46252.4 46239.2 12192.9
46041.4 46251.5 46239.2 12192.8
46042.7 46251.2 46238.2 12193.0
46041.9 46250.5 46237.5 12193.0
46040.6 46250.7 46237.6 12193.0
46039.8 46249.8 46239.4 12192.6
46039.8 46249.3 46236.5 12193.5
46038.0 46249.6 46235.9 12193.5
46037.7 46251.0 46235.7 12193.5
46036.5 46248.4 46236.0 12192.9
46036.2 46248.3 46235.4 12192.9
46034.6 46247.3 46234.5 12192.9
46032.9 46245.3 46236.8 12192.2
46031.3 46243.8 46236.9 12192.4
46032.1 46242.7 46236.0 12192.5
46033.4 46241.1 46234.7 12192.1
46032.5 46238.3 46234.8 12192.3
46032.2 46237.2 46234.4 12192.5
46030.5 46238.2 46233.0 12192.7
46028.9 46237.0 46234.7 12192.2
46027.4 46237.4 46234.7 12192.5
46027.1 46237.1 46234.3 12192.9
46024.8 46236.5 46233.2 12193.5
46023.3 46235.4 46232.4 12193.5
46021.3 46233.2 46234.4 12193.2
 3

