17.94496	14662.9	14008.1	13973.6	13970.0	13994.9	13996.0	14015.5	13945.1	14007.5	13988.0	13974.7	13970.0	13973.7	13949.6	13950.2	13985.5
25.51072	20277.2	19925.5	19879.5	19874.8	19907.7	19908.0	19937.9	19840.5	19923.5	19898.8	19880.8	19871.3	19875.9	19846.9	19849.2	19889.8
31.37376	24758.4	24533.0	24472.1	24469.4	24511.8	24511.1	24546.1	24424.6	24531.5	24499.4	24478.3	24467.8	24468.5	24434.4	24436.3	24490.4
37.73840	29509.3	29522.3	29447.5	29442.0	29494.4	29494.7	29537.8	29389.0	29518.5	29483.2	29454.6	29437.9	29442.4	29399.9	29403.4	29467.4
38.15600	29824.7	29847.5	29772.4	29769.2	29821.4	29821.0	29864.6	29715.6	29845.7	29812.1	29781.3	29763.4	29768.0	29728.7	29729.5	29794.7
48.71840	37862.8	38141.9	38049.9	38050.1	38111.9	38110.0	38167.7	37979.9	38143.9	38099.6	38063.5	38041.8	38045.7	37997.9	37995.6	38076.9
54.28960	42202.7	42509.1	42403.2	42400.7	42476.3	42473.1	42536.4	42324.1	42509.4	42465.5	42418.0	42396.9	42405.1	42346.9	42343.7	42438.4
59.37440	46141.3	46474.8	46365.1	46366.5	46444.0	46441.8	46510.8	46275.5	46485.0	46437.5	46380.1	46353.3	46366.5	46304.0	46297.5	46405.1
30.90900    24398.8 24120.0 24083.6 24089.8 24103.8 24108.3 24123.7 24066.1 24107.9 24127.6 24101.0 24091.5 24083.8 24071.7 24084.5 24075.6
18.5056     15098.0 14413.9 14390.8 14393.1 14401.0 14405.1 14414.1 14382.5 14405.2 14416.5 14401.3 14393.1 14391.2 14385.9 14390.5 14382.7
22.6908     18291.0 17686.0 17657.3 17659.6 17669.8 17676.6 17686.8 17645.7 17675.1 17688.4 17668.6 17661.4 17657.0 17649.9 17657.2 17647.3 
22.6914     18291.0 17686.2 17656.5 17660.8 17669.6 17676.4 17687.6 17645.6 17674.5 17689.9 17669.6 17661.0 17656.8 17651.5 17657.2 17648.3
27.239      21597.0 21242.8 21211.3 21213.8 21225.5 21232.5 21243.7 21195.4 21230.5 21246.7 21223.8 21215.4 21212.2 21200.8 21209.6 21203.1
33.965      26698.3 26517.6 26472.7 26477.1 26492.3 26502.8 26518.1 26456.4 26501.8 26523.7 26490.4 26478.5 26472.6 26463.8 26473.4 26464.5
35.530      27858.4 27733.0 27692.6 27697.4 27712.5 27719.6 27738.3 27675.4 27720.7 27741.1 27709.5 27699.0 27690.1 27680.0 27693.2 27684.9
39.581      30902.7 30902.2 30855.3 30862.4 30882.7 30889.0 30908.2 30836.1 30890.4 30913.9 30877.5 30864.4 30854.5 30842.3 30858.9 30847.9
42.511      33125.3 33209.8 33160.6 33164.8 33184.2 33195.9 33214.2 33136.0 33193.6 33224.6 33181.7 33162.2 33156.1 33141.5 33160.5 33148.6
46.475      36120.6 36315.2 36258.3 36264.9 36288.5 36296.9 36317.2 36234.5 36300.9 36333.7 36280.3 36265.3 36259.2 36244.5 36261.1 36251.1
 3


