31.349  24525.5 24467.5 24427.1 24431.3 24446.5 24453.4 24468.6 24411.6 24454.8 24473.4 24441.6 24432.5 24428.9 24412.6 24426.4 24419.6    24752.5
14.1285 11092.1 11009.3 10992.4 10993.9 10999.8 11002.8 11011.4 10985.5 11001.9 11012.4 10997.7 10993.5 10992.7 10986.9 10990.7 11105.0    11148.8
17.1933 13421.4 13388.4 13368.1 13369.5 13377.8 13381.9 13389.3 13359.1 13380.8 13391.5 13374.1 13369.4 13369.1 13361.4 13365.6 13359.4    13543.9
20.1899 15766.1 15726.6 15702.7 15703.7 15713.8 15719.3 15726.8 15690.8 15717.2 15729.1 15711.4 15704.9 15702.2 15694.8 15701.2 15693.0    15912.6
22.537  17608.2 17565.8 17537.8 17541.4 17551.7 17557.1 17568.0 17526.7 17555.6 17570.1 17549.3 17541.3 17537.6 17530.2 17537.2 17527.5    17769.1
25.075  19594.4 19547.4 19517.8 19520.1 19531.7 19537.9 19547.8 19503.3 19536.7 19550.7 19526.0 19522.3 19519.0 19506.4 19513.3 19508.7    19773.0
27.511  21506.1 21454.0 21421.8 21423.6 21435.1 21441.5 21454.5 21405.3 21441.8 21459.1 21429.6 21423.0 21422.1 21408.7 21417.5 21412.6    21702.9
28.013  21904.3 21850.8 21819.4 21819.9 21833.4 21840.8 21852.7 21802.3 21839.1 21856.9 21829.1 21822.3 21818.3 21803.8 21815.5 21811.0    22106.6
30.032  23492.0 23434.1 23396.7 23401.0 23415.3 23421.7 23434.8 23381.8 23421.5 23440.8 23407.4 23402.1 23398.6 23381.7 23393.9 23391.3    23706.3
32.521  25452.1 25393.1 25353.9 25356.0 25373.6 25380.6 25394.5 25335.0 25378.6 25398.6 25367.1 25358.5 25351.3 25335.4 25350.1 25343.8    25681.2
35.021  27405.7 27340.4 27299.3 27302.0 27318.6 27325.8 27340.9 27279.4 27328.6 27348.6 27310.0 27303.1 27299.4 27280.1 27295.4 27290.8    27652.3
37.512  29360.4 29288.1 29243.2 29247.7 29268.1 29272.9 29288.3 29223.1 29274.1 29297.8 29255.4 29246.9 29242.6 29223.5 29238.3 29234.8    29626.9
40.010  31324.7 31249.0 31199.9 31204.6 31224.3 31230.7 31251.0 31175.3 31232.5 31260.9 31213.2 31204.5 31193.8 31175.4 31195.2 31189.0    31611.0
42.551  33324.8 33240.5 33193.3 33194.4 33216.2 33226.3 33246.3 33166.5 33224.9 33255.5 33205.4 33193.2 33185.1 33165.9 33187.3 33182.2    33626.5
45.536  35666.6 35582.7 35530.3 35530.8 35555.4 35564.9 35583.6 35500.5 35566.2 35598.0 35540.3 35530.2 35526.6 35499.6 35520.1 35521.1    35996.3
47.581  37284.1 37188.9 37134.4 37138.4 37164.3 37171.9 37194.1 37106.7 37173.2 37208.0 37149.2 37137.1 37130.6 37105.4 37128.9 37127.7    37621.0
50.014  39189.8 39085.6 39028.4 39035.4 39063.1 39068.7 39090.9 39001.3 39070.1 39107.1 39044.7 39029.2 39024.4 39001.6 39019.9 39018.5    39540.4
52.493  41134.8 41028.5 40968.5 40973.7 41003.3 41011.0 41031.9 40935.8 41008.5 41052.3 40985.4 40969.5 40962.9 40937.8 40958.3 40958.6    41505.1
55.027  43119.2 43005.4 42943.2 42951.8 42980.8 42986.1 43011.5 42914.1 42986.3 43035.9 42970.9 42951.5 42942.2 42921.2 42942.8 42941.5    43504.9
57.521  45064.3 44953.7 44887.2 44890.4 44925.9 44932.7 44960.0 44852.0 44937.9 44985.6 44907.3 44889.6 44886.0 44857.5 44878.4 44882.4    45471.1
58.004  45448.6 45329.2 45262.8 45267.5 45301.4 45309.5 45335.5 45228.9 45310.7 45360.2 45285.3 45267.8 45256.9 45233.2 45253.3 45257.6    45856.1
59.015  46234.9 46110.2 46046.5 46053.9 46085.1 46090.4 46117.0 46015.9 46093.9 46145.8 46069.2 46055.0 46047.2 46018.7 46041.9 46048.3    46644.8
60.023  47030.7 46902.3 46834.2 46844.9 46875.6 46886.3 46914.3 46798.8 46890.9 46942.1 46861.8 46840.4 46837.5 46808.1 46827.1 46833.8    47443.5
61.024  47816.0 47683.9 47613.5 47622.1 47660.5 47663.8 47689.3 47582.1 47671.9 47721.2 47640.9 47618.8 47613.0 47585.4 47604.8 47613.6    48237.0
51.125  40063.4 39952.1 39895.1 39903.1 39929.1 39934.7 39962.0 39869.7 39941.2 39984.0 39912.8 39898.0 39894.8 39869.1 39890.1 39892.5    40415.5
56.467  44244.7 44125.0 44059.9 44070.6 44100.2 44106.0 44135.0 44030.0 44109.5 44159.4 44082.4 44067.5 44060.8 44033.0 44058.1 44056.7    44638.2
59.494  46612.3 46488.3 46418.4 46424.6 46461.8 46467.7 46491.1 46383.5 46473.5 46521.3 46443.4 46428.9 46417.4 46387.2 46415.6 46417.2    47026.8
60.506  47406.1 47274.1 47208.3 47217.8 47252.2 47256.0 47285.7 47175.8 47264.0 47313.7 47236.6 47215.9 47204.6 47176.8 47203.2 47209.1    47826.7
52.625  41238.5 41128.1 41065.1 41069.0 41103.8 41110.1 41133.1 41038.4 41117.5 41161.8 41088.6 41072.1 41070.1 41040.1 41065.3 41064.0    41605.5
 3






 

