18.5056     15098.0 14413.9 14390.8 14393.1 14401.0 14405.1 14414.1 14382.5 14405.2 14416.5 14401.3 14393.1 14391.2 14385.9 14390.5 14382.7
22.6908     18291.0 17686.0 17657.3 17659.6 17669.8 17676.6 17686.8 17645.7 17675.1 17688.4 17668.6 17661.4 17657.0 17649.9 17657.2 17647.3 
22.6914     18291.0 17686.2 17656.5 17660.8 17669.6 17676.4 17687.6 17645.6 17674.5 17689.9 17669.6 17661.0 17656.8 17651.5 17657.2 17648.3
27.239      21597.0 21242.8 21211.3 21213.8 21225.5 21232.5 21243.7 21195.4 21230.5 21246.7 21223.8 21215.4 21212.2 21200.8 21209.6 21203.1
33.965      26698.3 26517.6 26472.7 26477.1 26492.3 26502.8 26518.1 26456.4 26501.8 26523.7 26490.4 26478.5 26472.6 26463.8 26473.4 26464.5
35.530      27858.4 27733.0 27692.6 27697.4 27712.5 27719.6 27738.3 27675.4 27720.7 27741.1 27709.5 27699.0 27690.1 27680.0 27693.2 27684.9
39.581      30902.7 30902.2 30855.3 30862.4 30882.7 30889.0 30908.2 30836.1 30890.4 30913.9 30877.5 30864.4 30854.5 30842.3 30858.9 30847.9
42.511      33125.3 33209.8 33160.6 33164.8 33184.2 33195.9 33214.2 33136.0 33193.6 33224.6 33181.7 33162.2 33156.1 33141.5 33160.5 33148.6
46.475      36120.6 36315.2 36258.3 36264.9 36288.5 36296.9 36317.2 36234.5 36300.9 36333.7 36280.3 36265.3 36259.2 36244.5 36261.1 36251.1
48.091      37383.9 37590.6 37534.2 37543.1 37562.9 37572.7 37591.6 37506.4 37569.8 37601.6 37555.5 37544.3 37534.5 37518.0 37531.2 37523.0
51.232      39827.3 40040.7 39977.6 39984.0 40011.6 40019.4 40039.5 39948.5 40022.9 40056.0 39999.4 39990.5 39977.2 39960.5 39978.2 39970.7
52.062      40473.4 40688.3 40626.0 40631.6 40661.9 40669.3 40689.9 40600.6 40675.2 40709.3 40646.4 40637.2 40630.7 40606.4 40626.4 40621.4
55.091      42833.6 43055.3 42993.9 43004.9 43032.9 43040.6 43066.6 42973.9 43044.5 43082.6 43020.5 43008.6 42990.7 42971.7 42994.2 42990.4
58.042      45102.9 45338.9 45274.1 45285.4 45315.2 45324.9 45351.1 45243.1 45327.7 45371.2 45303.3 45287.7 45272.0 45252.3 45274.2 45273.5
57.995      45082.6 45318.5 45253.3 45258.9 45293.9 45304.7 45328.1 45223.5 45310.0 45352.6 45277.8 45262.1 45257.9 45230.0 45250.5 45251.9
61.412      47728.4 47985.0 47913.5 47925.8 47960.2 47966.5 47994.4 47884.2 47974.0 48022.7 47946.6 47926.6 47913.3 47890.7 47913.7 47912.9
60.760      47214.4 47466.1 47397.0 47413.9 47445.5 47451.4 47482.4 47370.5 47461.0 47510.8 47434.0 47410.1 47396.6 47380.7 47398.1 47402.5
59.522      46263.9 46505.3 46439.0 46448.8 46486.0 46488.8 46517.2 46410.8 46502.5 46539.0 46466.2 46448.0 46439.4 46410.9 46435.5 46436.9
58.492      45464.0 45706.4 45638.8 45652.9 45684.2 45692.1 45720.8 45615.1 45697.2 45743.6 45670.7 45647.7 45635.9 45621.1 45637.8 45636.5 
 3
 